1
2
2
4
5
3
2
2
8
7
5
1
10
4
11
2
11
17
1
3
19
2
18
4
14
10
18
24
24
3
20
3
6
2
26
12
1
24
10
3
35
36
15
37
15
26
13
2
20
36
49
49
32
16
50
33
36
26
45
22
26
62
4
47
17
4
25
68
60
28
36
47
27
60
5
41
65
60
1
55
1
51
27
29
10
7
57
54
41
9
76
17
3
87
59
59
17
10
36
44
100
6
20
24
2
26
80
56
73
84
56
12
81
99
81
94
83
89
119
35
98
109
30
61
53
91
48
58
42
113
101
76
106
72
59
61
90
79
4
88
81
37
85
21
134
55
26
111
6
101
25
68
66
42
80
92
110
157
4
6
58
85
154
120
137
92
159
103
15
168
140
53
20
161
170
96
109
80
23
36
24
52
122
161
72
60
186
83
30
26
94
50
162
67
29
102
27
72
174
158
130
197
201
116
190
169
127
89
73
107
4
179
98
166
103
139
151
119
74
157
208
182
76
46
200
115
29
81
219
48
68
151
139
98
19
124
75
175
192
20
113
80
185
184
55
144
246
177
131
128
101
131
47
217
184
162
19
111
103
35
41
168
255
2
133
208
123
175
62
162
87
266
93
223
174
9
93
166
19
129
96
166
119
164
32
263
191
159
11
167
34
230
141
55
153
137
280
179
48
112
200
90
137
239
245
14
214
44
149
180
261
53
290
209
21
295
134
299
163
39
106
119
113
307
321
174
189
163
69
24
55
124
55
202
277
125
293
86
97
92
292
87
329
225
94
78
315
1
40
265
87
166
198
139
236
192
230
198
259
268
330
1
201
278
315
168
12
70
4
303
233
338
116
339
13
191
5
120
307
94
328
315
309
57
351
345
160
340
91
389
203
357
17
232
25
357
131
190
305
260
376
209
376
113
374
97
333
337
88
96
254
149
150
200
409
9
167
244
262
243
345
196
423
234
58
209
128
228
407
59
332
348
367
113
90
370
395
383
176
426
379
113
106
47
167
264
310
321
419
313
78
38
407
331
275
349
229
37
143
434
349
303
135
149
276
398
441
217
437
65
294
3
272
108
203
420
76
282
152
446
193
327
346
285
473
36
355
130
371
33
93
106
394
246
48
173
219
55
414
34
